22
7
17
6
25
15
3
10
20
4
2
15
15
17
11
14
18
23
1
20
16
25
19
8
16
25
10
1
21
10
2
19
19
25
15
8
24
3
7
22
5
4
11
11
9
21
25
13
11
24
22
14
6
14
9
9
17
17
7
12
10
24
20
8
17
14
17
15
10
20
8
9
3
8
15
9
1
1
11
8
5
23
23
14
11
22
8
23
1
17
23
3
6
11
24
20
24
10
7
25
5
7
22
24
16
14
23
15
5
16
21
4
25
6
23
24
3
23
24
3
16
11
4
18
15
11
22
3
24
8
18
21
17
16
22
24
19
5
13
24
8
9
3
4
8
25
22
15
23
14
2
2
4
23
10
11
15
1
7
10
6
5
1
2
19
11
3
1
2
5
18
25
2
7
20
25
4
7
3
12
17
20
18
9
10
14
2
4
24
13
1
13
11
6
5
19
11
18
10
1
25
10
17
4
10
20
6
10
8
25
1
15
17
9
11
21
14
12
17
6
24
13
11
8
12
12
12
19
9
15
19
5
5
21
23
18
3
18
2
4
17
21
20
6
1
20
7
3
8
9
21
10
20
6
6
12
12
23
23
21
1
10
19
13
18
21
6
9
9
7
8
12
25
19
8
6
5
3
4
10
15
2
11
22
2
9
7
21
19
1
14
22
23
16
25
11
17
13
17
20
25
17
21
1
19
13
20
19
13
12
24
4
8
12
2
2
22
2
7
9
19
15
3
7
8
22
14
16
2
20
4
18
24
4
19
13
3
8
16
10
15
3
23
25
1
7
19
15
2
22
23
4
22
13
13
19
4
8
21
12
4
11
20
8
9
4
2
16
11
11
21
13
14
9
25
24
19
11
24
4
10
17
14
12
10
10
3
8
17
5
24
14
5
12
5
8
16
17
25
17
20
1
2
25
23
1
13
25
15
11
23
15
25
12
9
15
6
2
3
19
6
20
5
18
12
9
22
13
20
18
23
18
24
21
16
24
21
18
19
8
22
5
9
12
14
21
9
12
13
13
9
21
5
5
14
2
8
14
1
12
12
7
5
12
11
17
5
19
9
12
22
19
8
9
2
18
10
16
8
21
8
10
3
9
13
15
24
18
16
21
21
18
3
15
25
10
13
2
1
1
12
15
15
14
23
2
25
6
18
6
20
25
24
17
16
18
20
4
22
16
18
14
11
1
25
13
14
10
11
9
19
24
13
9
4
16
7
18
12
8
19
17
22
19
18
17
12
17
3
25
23
2
9
12
21
14
7
2
15
2
23
17
14
15
13
18
22
4
9
16
1
24
8
2
7
2
19
13
14
9
13
25
11
4
22
5
3
24
5
5
4
15
8
3
24
6
3
12
16
1
4
3
16
23
13
12
10
1
14
16
10
11
23
12
18
25
15
4
13
18
15
7
10
6
2
6
22
3
13
5
21
21
21
13
22
20
14
21
11
11
23
16
22
12
6
22
24
24
19
17
20
22
24
24
24
11
13
9
4
12
3
24
12
12
20
11
10
2
4
11
10
17
11
19
3
17
23
25
1
12
5
14
25
6
16
25
25
10
16
1
17
14
21
23
9
13
24
8
3
1
21
19
23
12
9
8
21
1
2
2
11
10
11
16
11
25
2
4
17
24
11
24
4
18
9
11
23
19
18
15
6
21
24
10
8
9
4
23
8
16
13
11
16
10
14
18
7
21
16
12
1
4
4
17
5
15
17
25
2
3
6
21
14
20
13
13
5
11
10
25
22
12
18
10
19
20
6
20
8
20
19
24
12
5
18
6
11
22
18
24
8
3
16
21
23
9
9
2
23
11
3
6
10
4
21
12
10
8
8
4
25
17
1
6
2
7
13
23
20
11
14
15
11
25
13
21
21
24
16
13
8
12
12
13
2
13
8
8
4
8
14
2
8
8
23
22
18
8
25
19
16
16
18
19
16
23
14
25
14
1
15
10
7
3
13
24
4
3
19
7
8
6
8
21
10
24
13
19
19
13
19
18
6
12
17
9
21
17
1
7
14
5
12
8
1
3
6
6
2
21
7
15
12
24
24
7
20
20
4
17
11
9
15
8
16
7
14
6
1
20
6
15
2
5
11
7
4
22
15
15
23
13
18
19
18
4
14
24
25
18
7
16
16
6
2
1
14
17
20
22
2
3
8
11
9
14
6
11
5
18
15
11
20
5
3
12
5
15
10
4
6
23
25
14
20
5
15
23
12
21
25
12
16
7
20
22
14
14
12
6
4
7
17
2
3
18
12
25
23
25
